24,52
24,51
24,50
24,49
24,48
24,47
24,46
24,45
24,44
24,43
24,42
24,41
24,40
24,39
24,38
24,37
24,36
24,35
3,1
3,3
10,69
10,121
10,71
10,105
10,159
10,207
10,93
11,15
11,17
11,11
9,5
9,7
8,9
8,4
8,18
8,14
8,11
20,3
20,2
20,1
19,3
19,2
19,1
12,3
12,2
12,1
11,27
11,26
11,25
11,24
11,23
11,22
11,21
11,20
11,19
11,18
11,14
11,12
11,10
18,1
11,8
11,3
18,3
11,2
11,1
10,309
10,308
10,307
10,306
10,305
10,304
10,303
10,302
10,301
10,300
10,299
10,298
10,297
10,296
10,295
10,294
10,293
10,292
10,291
10,290
